{
 "cells": [
  {
   "cell_type": "markdown",
   "metadata": {
    "collapsed": true,
    "pycharm": {
     "name": "#%% md\n"
    }
   },
   "source": [
    "# 3D Information Processing\n",
    "Obtain a 3D shape from images taken by multiple cameras"
   ]
  },
  {
   "cell_type": "code",
   "execution_count": 2,
   "outputs": [],
   "source": [
    "import pandas as pd\n",
    "from camera import Camera\n",
    "from visualize import plot_calibration_points"
   ],
   "metadata": {
    "collapsed": false,
    "pycharm": {
     "name": "#%%\n"
    }
   }
  },
  {
   "cell_type": "markdown",
   "source": [
    "Load calibration points for each images"
   ],
   "metadata": {
    "collapsed": false,
    "pycharm": {
     "name": "#%% md\n"
    }
   }
  },
  {
   "cell_type": "code",
   "execution_count": 3,
   "outputs": [],
   "source": [
    "points_1 = pd.read_csv(\"points_1.csv\")\n",
    "points_2 = pd.read_csv(\"points_2.csv\")\n",
    "points_3 = pd.read_csv(\"points_3.csv\")"
   ],
   "metadata": {
    "collapsed": false,
    "pycharm": {
     "name": "#%%\n"
    }
   }
  },
  {
   "cell_type": "markdown",
   "source": [
    "Calibrate cameras from calibration points"
   ],
   "metadata": {
    "collapsed": false,
    "pycharm": {
     "name": "#%% md\n"
    }
   }
  },
  {
   "cell_type": "code",
   "execution_count": 4,
   "outputs": [],
   "source": [
    "c1 = Camera(points_1)\n",
    "c2 = Camera(points_2)\n",
    "c3 = Camera(points_3)"
   ],
   "metadata": {
    "collapsed": false,
    "pycharm": {
     "name": "#%%\n"
    }
   }
  },
  {
   "cell_type": "code",
   "execution_count": 5,
   "outputs": [
    {
     "name": "stdout",
     "output_type": "stream",
     "text": [
      "A^T*A\n",
      "[[ 4.39692000e+03  1.32240000e+03  1.66470000e+03  1.99800000e+02\n",
      "   0.00000000e+00  0.00000000e+00  0.00000000e+00  0.00000000e+00\n",
      "  -4.01673556e+06 -3.32336850e+06 -6.49864800e+05]\n",
      " [ 1.32240000e+03  6.37686000e+03  1.95918000e+03  2.40600000e+02\n",
      "   0.00000000e+00  0.00000000e+00  0.00000000e+00  0.00000000e+00\n",
      "  -3.32336850e+06 -2.04677384e+07 -6.56260380e+06]\n",
      " [ 1.66470000e+03  1.95918000e+03  2.99184000e+03  1.72800000e+02\n",
      "   0.00000000e+00  0.00000000e+00  0.00000000e+00  0.00000000e+00\n",
      "  -6.49864800e+05 -6.56260380e+06 -5.11388040e+06]\n",
      " [ 1.99800000e+02  2.40600000e+02  1.72800000e+02  1.80000000e+01\n",
      "   0.00000000e+00  0.00000000e+00  0.00000000e+00  0.00000000e+00\n",
      "  -2.20468400e+05 -7.18423500e+05 -3.03330000e+05]\n",
      " [ 0.00000000e+00  0.00000000e+00  0.00000000e+00  0.00000000e+00\n",
      "   4.39692000e+03  1.32240000e+03  1.66470000e+03  1.99800000e+02\n",
      "  -7.45628445e+06 -2.98417830e+06 -1.53188460e+06]\n",
      " [ 0.00000000e+00  0.00000000e+00  0.00000000e+00  0.00000000e+00\n",
      "   1.32240000e+03  6.37686000e+03  1.95918000e+03  2.40600000e+02\n",
      "  -2.98417830e+06 -7.30974789e+06 -9.48868920e+05]\n",
      " [ 0.00000000e+00  0.00000000e+00  0.00000000e+00  0.00000000e+00\n",
      "   1.66470000e+03  1.95918000e+03  2.99184000e+03  1.72800000e+02\n",
      "  -1.53188460e+06 -9.48868920e+05 -1.30339776e+06]\n",
      " [ 0.00000000e+00  0.00000000e+00  0.00000000e+00  0.00000000e+00\n",
      "   1.99800000e+02  2.40600000e+02  1.72800000e+02  1.80000000e+01\n",
      "  -3.19774500e+05 -2.86527900e+05 -9.81192000e+04]\n",
      " [-4.01673556e+06 -3.32336850e+06 -6.49864800e+05 -2.20468400e+05\n",
      "  -7.45628445e+06 -2.98417830e+06 -1.53188460e+06 -3.19774500e+05\n",
      "   2.29035605e+10  1.57005391e+10  2.81165743e+09]\n",
      " [-3.32336850e+06 -2.04677384e+07 -6.56260380e+06 -7.18423500e+05\n",
      "  -2.98417830e+06 -7.30974789e+06 -9.48868920e+05 -2.86527900e+05\n",
      "   1.57005391e+10  8.02656408e+10  2.34934061e+10]\n",
      " [-6.49864800e+05 -6.56260380e+06 -5.11388040e+06 -3.03330000e+05\n",
      "  -1.53188460e+06 -9.48868920e+05 -1.30339776e+06 -9.81192000e+04\n",
      "   2.81165743e+09  2.34934061e+10  1.53948824e+10]]\n",
      "A^T*b\n",
      "[ 2.20468400e+05  7.18423500e+05  3.03330000e+05  3.44110000e+04\n",
      "  3.19774500e+05  2.86527900e+05  9.81192000e+04  2.06940000e+04\n",
      " -1.06641341e+09 -2.75319273e+09 -9.52509978e+08]\n",
      "[-4.01166202e+01  2.69309121e+01 -2.45286091e+01  1.58043293e+03\n",
      "  9.16710285e+00  8.81454884e-01 -5.16736803e+01  1.10996705e+03\n",
      " -1.38215069e-02 -6.82164706e-03 -1.24927871e-02]\n",
      "A^T*A\n",
      "[[ 4.28892000e+03  1.32240000e+03  1.49460000e+03  1.99800000e+02\n",
      "   0.00000000e+00  0.00000000e+00  0.00000000e+00  0.00000000e+00\n",
      "  -3.40173222e+06 -2.96796240e+06 -4.87452900e+05]\n",
      " [ 1.32240000e+03  6.37686000e+03  1.91688000e+03  2.40600000e+02\n",
      "   0.00000000e+00  0.00000000e+00  0.00000000e+00  0.00000000e+00\n",
      "  -2.96796240e+06 -1.96971789e+07 -6.28858686e+06]\n",
      " [ 1.49460000e+03  1.91688000e+03  2.57904000e+03  1.60800000e+02\n",
      "   0.00000000e+00  0.00000000e+00  0.00000000e+00  0.00000000e+00\n",
      "  -4.87452900e+05 -6.28858686e+06 -4.45419008e+06]\n",
      " [ 1.99800000e+02  2.40600000e+02  1.60800000e+02  1.80000000e+01\n",
      "   0.00000000e+00  0.00000000e+00  0.00000000e+00  0.00000000e+00\n",
      "  -1.91647800e+05 -6.87839700e+05 -2.77859600e+05]\n",
      " [ 0.00000000e+00  0.00000000e+00  0.00000000e+00  0.00000000e+00\n",
      "   4.28892000e+03  1.32240000e+03  1.49460000e+03  1.99800000e+02\n",
      "  -5.59973941e+06 -2.72627010e+06 -8.16678900e+05]\n",
      " [ 0.00000000e+00  0.00000000e+00  0.00000000e+00  0.00000000e+00\n",
      "   1.32240000e+03  6.37686000e+03  1.91688000e+03  2.40600000e+02\n",
      "  -2.72627010e+06 -6.51600342e+06 -7.26524760e+05]\n",
      " [ 0.00000000e+00  0.00000000e+00  0.00000000e+00  0.00000000e+00\n",
      "   1.49460000e+03  1.91688000e+03  2.57904000e+03  1.60800000e+02\n",
      "  -8.16678900e+05 -7.26524760e+05 -7.68020280e+05]\n",
      " [ 0.00000000e+00  0.00000000e+00  0.00000000e+00  0.00000000e+00\n",
      "   1.99800000e+02  2.40600000e+02  1.60800000e+02  1.80000000e+01\n",
      "  -2.55140900e+05 -2.57950200e+05 -6.52146000e+04]\n",
      " [-3.40173222e+06 -2.96796240e+06 -4.87452900e+05 -1.91647800e+05\n",
      "  -5.59973941e+06 -2.72627010e+06 -8.16678900e+05 -2.55140900e+05\n",
      "   1.56398766e+10  1.28350558e+10  1.20050221e+09]\n",
      " [-2.96796240e+06 -1.96971789e+07 -6.28858686e+06 -6.87839700e+05\n",
      "  -2.72627010e+06 -6.51600342e+06 -7.26524760e+05 -2.57950200e+05\n",
      "   1.28350558e+10  7.39688466e+10  2.19215060e+10]\n",
      " [-4.87452900e+05 -6.28858686e+06 -4.45419008e+06 -2.77859600e+05\n",
      "  -8.16678900e+05 -7.26524760e+05 -7.68020280e+05 -6.52146000e+04\n",
      "   1.20050221e+09  2.19215060e+10  1.30374436e+10]]\n",
      "A^T*b\n",
      "[ 1.91647800e+05  6.87839700e+05  2.77859600e+05  3.23090000e+04\n",
      "  2.55140900e+05  2.57950200e+05  6.52146000e+04  1.76230000e+04\n",
      " -7.81307018e+08 -2.51180306e+09 -8.26021786e+08]\n",
      "[-4.63724309e+01  2.01729221e+01 -2.09253541e+01  1.57730966e+03\n",
      "  1.87923809e+00 -8.16812965e-01 -5.16188945e+01  1.06304087e+03\n",
      " -1.43705224e-02 -8.75475699e-03 -1.05012791e-02]\n",
      "A^T*A\n",
      "[[ 4.20852000e+03  1.32240000e+03  1.53030000e+03  1.96800000e+02\n",
      "   0.00000000e+00  0.00000000e+00  0.00000000e+00  0.00000000e+00\n",
      "  -3.20038587e+06 -2.72543700e+06 -4.97360700e+05]\n",
      " [ 1.32240000e+03  6.37686000e+03  1.91688000e+03  2.40600000e+02\n",
      "   0.00000000e+00  0.00000000e+00  0.00000000e+00  0.00000000e+00\n",
      "  -2.72543700e+06 -1.96365456e+07 -6.45948360e+06]\n",
      " [ 1.53030000e+03  1.91688000e+03  2.62404000e+03  1.63800000e+02\n",
      "   0.00000000e+00  0.00000000e+00  0.00000000e+00  0.00000000e+00\n",
      "  -4.97360700e+05 -6.45948360e+06 -4.66596420e+06]\n",
      " [ 1.96800000e+02  2.40600000e+02  1.63800000e+02  1.80000000e+01\n",
      "   0.00000000e+00  0.00000000e+00  0.00000000e+00  0.00000000e+00\n",
      "  -1.84263300e+05 -6.85194000e+05 -2.90283000e+05]\n",
      " [ 0.00000000e+00  0.00000000e+00  0.00000000e+00  0.00000000e+00\n",
      "   4.20852000e+03  1.32240000e+03  1.53030000e+03  1.96800000e+02\n",
      "  -5.88307332e+06 -2.89906320e+06 -1.12552440e+06]\n",
      " [ 0.00000000e+00  0.00000000e+00  0.00000000e+00  0.00000000e+00\n",
      "   1.32240000e+03  6.37686000e+03  1.91688000e+03  2.40600000e+02\n",
      "  -2.89906320e+06 -7.89008436e+06 -1.20589038e+06]\n",
      " [ 0.00000000e+00  0.00000000e+00  0.00000000e+00  0.00000000e+00\n",
      "   1.53030000e+03  1.91688000e+03  2.62404000e+03  1.63800000e+02\n",
      "  -1.12552440e+06 -1.20589038e+06 -1.19531604e+06]\n",
      " [ 0.00000000e+00  0.00000000e+00  0.00000000e+00  0.00000000e+00\n",
      "   1.96800000e+02  2.40600000e+02  1.63800000e+02  1.80000000e+01\n",
      "  -2.66839800e+05 -2.99025600e+05 -8.90718000e+04]\n",
      " [-3.20038587e+06 -2.72543700e+06 -4.97360700e+05 -1.84263300e+05\n",
      "  -5.88307332e+06 -2.89906320e+06 -1.12552440e+06 -2.66839800e+05\n",
      "   1.53490266e+10  1.25374876e+10  1.59872488e+09]\n",
      " [-2.72543700e+06 -1.96365456e+07 -6.45948360e+06 -6.85194000e+05\n",
      "  -2.89906320e+06 -7.89008436e+06 -1.20589038e+06 -2.99025600e+05\n",
      "   1.25374876e+10  7.69854950e+10  2.35890404e+10]\n",
      " [-4.97360700e+05 -6.45948360e+06 -4.66596420e+06 -2.90283000e+05\n",
      "  -1.12552440e+06 -1.20589038e+06 -1.19531604e+06 -8.90718000e+04\n",
      "   1.59872488e+09  2.35890404e+10  1.44244620e+10]]\n",
      "A^T*b\n",
      "[ 1.84263300e+05  6.85194000e+05  2.90283000e+05  3.26670000e+04\n",
      "  2.66839800e+05  2.99025600e+05  8.90718000e+04  1.88880000e+04\n",
      " -7.71180451e+08 -2.60091365e+09 -9.05783614e+08]\n",
      "[-4.57784751e+01  1.68717312e+01 -2.64678054e+01  1.66781077e+03\n",
      "  1.17659335e+01  7.14988008e+00 -4.85031209e+01  8.86641441e+02\n",
      " -1.14629726e-02 -8.62416880e-03 -1.34705241e-02]\n"
     ]
    }
   ],
   "source": [
    "c1.calibrate()\n",
    "c2.calibrate()\n",
    "c3.calibrate()"
   ],
   "metadata": {
    "collapsed": false,
    "pycharm": {
     "name": "#%%\n"
    }
   }
  },
  {
   "cell_type": "code",
   "execution_count": null,
   "outputs": [],
   "source": [
    "\n"
   ],
   "metadata": {
    "collapsed": false,
    "pycharm": {
     "name": "#%%\n"
    }
   }
  }
 ],
 "metadata": {
  "kernelspec": {
   "display_name": "Python 3",
   "language": "python",
   "name": "python3"
  },
  "language_info": {
   "codemirror_mode": {
    "name": "ipython",
    "version": 2
   },
   "file_extension": ".py",
   "mimetype": "text/x-python",
   "name": "python",
   "nbconvert_exporter": "python",
   "pygments_lexer": "ipython2",
   "version": "2.7.6"
  },
  "pycharm": {
   "stem_cell": {
    "cell_type": "raw",
    "source": [
     "# https://blog.jetbrains.com/ja/2019/11/30/2396/"
    ],
    "metadata": {
     "collapsed": false
    }
   }
  }
 },
 "nbformat": 4,
 "nbformat_minor": 0
}